[0.19666666666666666, 0.0033333333333333335, 0.5]
[0.27666666666666667, 0.04666666666666667, 0.7777777777777778]
[0.2833333333333333, 0.10666666666666667, 1.0555555555555556]
[0.33, 0.21666666666666667, 1.3333333333333335]
[0.39, 0.35, 1.6111111111111112]
[0.58, 0.5033333333333333, 1.8888888888888888]
[0.7333333333333333, 0.6066666666666667, 2.166666666666667]
[0.8233333333333334, 0.6766666666666666, 2.4444444444444446]
[0.9333333333333333, 0.7366666666666667, 2.7222222222222223]
[0.9533333333333334, 0.7833333333333333, 3.0]
